2170618107787437477933569233
969906580744352989704235213923
268022524489260089446807191553
544858259139508259541568536841
268950282858368725651302838793
232913787125884760370689544
492200365893894323370343385473
514576164055614284776327389
691024413044273419907182384073
356822285812378137692978469718
487305955587668458010597086673
857071563480035659162784910433
274347604260342217008899855176
297447808238636394075992521837
260002720206752405806502123656
781291127285944053107702496572
98672528459729704281534807521
458554659082991711238408297180
607600384438675277190868597976
277531843866399122887643967260
67077875688811369631948477528
161923647049780485499841211736
1971265794333325266512372671
98800434888867252296883123016
75011941841878975815671163953
610662759243712590677257622737
54423724197299390200213713017
401839665870387449913119226593
876347312228710268197952116921
627372116180921439517700199116
553269662022457782364248951330
31884281988448289475939103382
93585642786864121307649232801
10806151905465213422650598572
458273051162443265457390991121
132236197515988638462497981873
234360801298046785347175146241
4094207639724988711217698972
77738197763608148600490290017
337779111190368343404944917091
45068343438732043559215082456
96175487772573690079034686511
202242862891766156017804548881
399338719888039095127659491200
181739513059088589992481957017
303612017695371923884919042273
287777632719720695866789818555
34925039619328130944636661017
257119152080171422018105791017
863214012598078521860158384557
354453098594293386462491160900
68707010002824437708786867733
57998909540633182378968452780
21390993860129996818751059928
177894091293512357483531999839
526655068422453458444536896862
313022607345742665546932871017
32879380689231794530453766510
420199839941643517741582435721
2765686698201238733513419891
103058198720981720755648986017
426831938980288713485864281812
252138153290212880694835308
4617340443207942747715290047
467729669218537429074502726873
978928983489054535760671826623
238597934724963570824266143710
491870673045628675273414378892
36741785775620921972258022017
95347743200301666694201327094
405474846433834961057408458892
741908576252047542159521917739
655989793410871141413399087692
50301936892820155781374978841
589897904058516215263868113366
284796109947954597291166651392
776502924327999859047077424473
280415612599059764100891055303
748128473125536894119266461881
2001773985297621001528375768
897064036478384826597417022961
525578811650113580817777596857
823493087979522424447756757313
180576986332560406525686062828
209147203987612083567830557686
306262857600027001847430025033
957989158629239991657763015041
528836755122991491625108723959
22271426638302036680275699201
1184045603062728223354599745
578594267918546363882380718273
210526009651439227311458696129
994615465451080004327846289203
252742305910788750622828975419
569024299138057969840085639417
159551591953631587874798841054
895560741939506480093043113201
738287142490940009091165189088
771951184819823716413736213208
19210137214913261042913899939
661429516706484602594891730817
418085839121956005821179768456
295771275433293649317887658900
59219721528669881935971810008
3045028175031834675620680556
225222037212231145868174268944
47748200391585775873410782792
21225891982537304229133752017
443316622599837889525719586796
25383638163786652726203444593
387279754743348561113786908588
249330760856742867997430276441
85042402313192589446104750793
783279267165298311442718162538
81400589163265182753349413086
136792558495592158680311440553
252007092880359647350059874
70907555239846957925999762870
30719749188872055854261239035
672158959700362364860570642316
37568475894103238379360205292
220239554429091996346454409506
394523653788775837994678420148
170378450627578389507872594648
592363679499237583798612081321
955250616965499078731170617188
759488954813443944018608895481
89963728325287427559639214028
352687669880633390130953126728
999859664157310045033622408921
192627515590480760549940546064
3169119476825203308129973484
772703476309900606061986052936
4090285051617925593892775048
753751524250026749801035652681
972875845321019676174426985292
15939799795149612549887728601
90613321606057101956130112
239831658012800053935056147404
974031184919764762011369341873
518843060946343881948374804085
179883189207676626002460626249
594781192434437229359151519601
793673520143616862738786211393
257544461663019015965642744716
205363720406299527770498118152
177432399840441538536275560841
955892036914680345938923060348
25221744306757875076423757702
4195792094867075712250115994
148842381892295903253846478267
212514569819895692595500713
31395100841223843715083982408
81415357313834058571600143034
25932455873049329138651957833
262659280000117327464324330056
20577937814041723359757157793
11497005870532515218363033672
55329161682713128003397686927
719380534044154095125493688121
8735534382182419295964859468
147279785541460046054232026401
961044545889812877470863936582
183566538570619989521282174627
820160877215517397706236034281
312752516498351685496501417437
657204247142851972605726345176
704063875517047858992814413296
420070209884798288130681250513
807717994046643391993490479710
22241015000715693698682423536
683596300012652457959880292393
836389993575291387556419637
106952805499033027444248154877
1399940291626578009349770593
281954416766603516448971785423
444083595250992206028408101848
15566402106276571438657859032
86320511116734269334366023905
255107611105660777186928363656
295520825944520470394683107601
426438762824584485562461451393
155734554533691303814344419199
166150470374663630121978682508
6798284599057375156580467436
789561474309355330481749431692
487010524841977745722657620667
867538414420915668036810352168
390880709197697001315285414536
701436874381301693664204920392
11307566536618135751672960843
725702387070171091694517447454
291792699646794617323921808008
664446123934969507850531335137
214316741566305331432033969833
454504538503069738512567566869
9070497579552312408757393
23934057582438871354742767601
88749983618801813098541016056
900612583386897755097887336081
67224417603613610709732930481
525702247134250077853685673771
784011295898811119783224149017
595331779341390513371685935052
559669797838996637085482793513
28739517717253472151312609430
521821032470595507993301733211
749753705989314611070922774
68904867843048146464120985816
90173886446519265469469525502
384773944856151952869819984008
335949563684900210829170782792
141797123126190056090917944968
132468086207470073014834749965
523329102992802285446865621455
356701755815172486357206135661
15681095741946370709325787096
872079334138656177718179792908
312417152617002084335404529623
35991010404880838665816570984
976348430946325743532492572473
37635728313054281574372114892
16555952186420678566265823575
466133255262073118675464130313
22342522772642565249346638476
5312806183412028564784545561
242131581487411222357594534183
633420310059896532968158027753
657878147202675794087592692670
678036119003297447540417553788
955992351271635664182428771917
81341298653642316055253127593
798899561385190671409856449241
27077257838725979959998550595
6843708460966197144917162734
222244048776540125346067710536
266495475737977664176734312536
21511534006686534894247080
105797767376564240041219698121
987818707339188368680405553108
228367930099185616334375252393
2779674247926761580658198740
113899597803583798808678727407
10915094848608670415849441
4842938829713469693598726361
7962008160297770677095145793
160399352781856753583344893419
900220732279003366052987994281
374678657522448628193549624281
889524244691485064655179531983
24048065556634613868970300921
53626966567927998962200857416
467243706609430064841135466817
516164891063032158403399033
408308018174857164876393615521
791930981990481816185821547948
13046179065706606815748227928
125472818902995800795281843693
450915552142015029588261090294
349037905511422123276099312916
103198640221054398097739817868
733419293422056589479671362231
216927066553673695099862362028
260564428576370528042746615817
115283962841605937063554345292
9333299086406425185859933708
252406311558752761065541648845
411047088466451897614788329558
37511217884339442493711213817
985350488546525260138409350633
163294885935349274725696869068
39915297928015672239251407192
605648361393053878167048402392
570420326436008991969395853684
328862810224398940275306396143
111011665471103062887616886444
25324501967148929550389715833
133641906134083247291554552073
562022631273714842838364783140
228561079404352433058594010696
141482307492747455699295272408
35337338545041529192791217817
915793083876469910589519616893
179071424226145770828331745633
181536091740258628246110937516
499503307420332020377358130793
89839853495521515740901042553
490612356571335442709198663043
904539058549626527150469227201
696487234946509549998110301356
34632520767001655841039720524
892798352960232263682025823593
354567833320298193411118073
460023717640113227856631061201
215964671201241470107215502193
597574601016672700278467583801
565422099414232315926759238417
10437084800232556468761167576
585295062287532045899210401141
630957301144175134834361647817
15911878267411181358176845292
21494385890076110541926222441
430536144745704511453297538696
369677847205569014054219981101
28054327787564347881109979473
924399767721630814244227827519
98728140216952370680575647754
328619553458111243722972682271
207902087549563907384981594997
72855742025202290709120886321
320462469500101417229661533768
977032875643517968302671018479
